20 200 25 20 200 202 #P#
3 33 3 3 200 34 #A#
4 40 44 4 45 45 #R#
13 45 14 13 12 31 #C#
11 11 22 11 1 1 #I#
17 120 12 17 180 22 #A#
19 140 14 19 551 190 #L#
1 60 5 1 10 11 #X#
22 1250 25 22 22 2 #A#
21 22 21 21 20 22 #L#
8 80 17 8 80 18 #G#
24 22 245 24 22 54 #O#
2 20 20 2 20 23 #R#
18 130 38 18 41 23 #I#
5 122 5 5 54 56 #T#
6 60 8 6 86 66 #M#
10 180 10 10 180 20 #O#
23 22 44 23 267 25 #S#
12 21 32 12 11 12 #X#
7 45 7 7 125 20 #D#
15 75 5 15 135 17 #O#
9 125 22 9 99 29 #S#
14 135 54 14 125 14 #X#
16 100 1 16 15 6 #D#
