1 1 1 1 1 1 #A#
2 2 2 2 2 2 #B#
3 3 3 3 3 3 #C#
4 4 4 4 4 4 #D#
5 5 5 5 5 5 #E#
6 6 6 6 6 6 #F#
7 7 7 7 7 7 #G#
8 8 8 8 8 8 #H#
9 9 9 9 9 9 #I#
10 100 10 10 100 10 #J#
11 110 11 11 110 11 #K#
12 120 12 12 120 12 #L#
13 130 13 13 130 13 #M#
14 140 14 14 140 14 #N#
15 150 15 15 150 15 #O#
16 160 16 16 160 16 #P#
17 170 17 17 170 17 #Q#
18 180 18 18 180 18 #R#
19 190 19 19 190 19 #S#
20 200 20 20 200 20 #T#
21 210 21 21 210 21 #U#
22 220 22 22 220 22 #V#
23 230 23 23 230 23 #W#
24 240 24 24 240 24 #X#
